1.48
6.77
1.11
2.22
1.92
2.39
1.72
10.37
1.51
3.79
1.73
1.61
6.36
1.76
6.3
1.21
1.31
1.93
1.96
1.22
1.93
3.56
2.73
89.92
0
3.27
1.37
44.61
1.43
1.7
3.77
1.83
2.6
1.29
5.99
1.26
42.27
1.27
1.35
1.31
1.21
1.07
2.81
5.55
1.25
1.55
1.11
1.22
4.08
5.93
5.93
1.47
1.28
1.46
4.77
1.17
1.11
1.6
1.41
1.19
42.77
4.58
3.59
1.02
43.43
1.31
7.07
1.46
10.52
8.21
1.59
4.93
1.86
3.28
2.27
2.37
1.11
3.19
1.74
2.09
6.03
4.4
1.5
3.32
1.28
1.52
2.38
2.34
1.62
0
1.36
2.39
1.23
3.77
0
1.84
1.27
1.12
1.17
1.13
1.09
2.3
1.17
2.8
8.36
14.07
2.12
4.36
27.73
3.43
2.18
1.2
1.89
3.06
3.4
2.16
1.75
2.42
2.23
1.01
1.95
1.01
1.67
18.5
4.6
1.4
1.43
1.18
5.27
2.83
2.09
3.56
1.47
2.52
1.05
2.26
11.71
2.13
12.86
1.65
5.08
1.14
9.26
1.15
4.64
3.19
1.1
1.3
1.15
1.5
11.78
1.29
3.21
1.8
1.21
23.45
65.65
4.48
1.12
2.11
2.52
3.96
1.49
2.59
2.17
1.12
1.03
3.04
0
3.26
4.95
1.06
1.86
1.32
1.09
3.55
1.51
2.44
2.82
0
5.21
1.24
5.07
2.64
1.47
1.3
0
1.92
2.17
4.03
4.28
1.1
22.99
2.13
1.75
0
1.36
4.64
2.33
20.48
18.97
1.03
6.4
3.61
1.29
36.13
1.03
51.19
1.76
2.17
13.48
2.36
1.33
1.37
1.13
1.54
20.38
3.72
1.68
8.75
1.09
2.45
1.29
1.21
1.3
2.49
2.32
6.73
1.58
2.94
1.04
11.55
3.07
6.13
1.68
26.97
1.68
0
3.63
7.67
2.68
810.78
1.08
0
4.31
2.76
0
1.34
1.15
1.42
2.34
1.08
1.79
1.11
1.36
3.36
1.98
0
6.54
0
2.92
1.48
1.97
7.31
1.28
1.09
6.43
3.68
1.35
1.33
59.46
1.98
6.06
1.72
1.01
1.83
1.59
1.09
2.74
4.55
1.25
1.45
2.8
2.67
2.17
1.75
4.53
1.54
6.77
12.35
1.61
5.86
1.02
0
1.54
2.36
1.02
6.48
4.75
2.21
2.06
1.25
1.94
1
2.23
95.71
2.64
20.66
1.12
3.49
1.47
16.46
2.63
16.14
68.04
1.27
1.24
1.16
1.35
11.13
7.07
3.62
1.57
2.3
3.96
13.37
4.71
6.73
17.89
1.05
73.61
20.02
2.09
1.51
7.53
104.67
3.57
1.7
1.91
1.15
2.91
21.84
1.23
9.91
1.17
4.18
1.88
1.27
1.07
1.26
2.84
2.46
1193.27
2.17
1.61
2.35
1.49
2.97
3.9
2.53
1.11
4.09
10.88
1.61
3.54
21.34
1.94
1.14
4.67
1.01
1.03
3.8
262.95
2.58
0
2.52
1.77
1.72
1.17
1.25
1.25
1.42
1.13
20.63
7.67
1.02
1.73
3.83
3.18
2.99
1.96
1.31
0
2.41
1.66
1.26
2.33
2.03
1.14
3.63
2.07
1.09
2.63
34.64
2.52
1.59
1.2
3.6
1.79
1.35
2.08
1.21
1.29
1.02
5.02
1.18
0
6.27
0
1
9.03
1.21
1.18
1.78
1.49
3.7
1.25
1.46
1.13
1.63
4.22
6.46
3.13
1.4
2.72
1.03
2.84
1.09
2.3
2.41
4.75
1.03
3.09
0
6.07
1.69
2.92
2.55
4.68
1.35
3.94
1.21
1.9
1.31
1.23
1.6
1.08
3.07
1.68
8.34
1.29
1.6
1.19
2.97
1.44
2.92
1.02
1.75
1.45
2.72
2.29
2.18
1.29
2.69
18.55
10.03
2.44
1.44
3.3
1.29
1.33
2.61
2.82
1.31
1.35
4.17
1.68
1.11
1.68
1.95
1.27
5.62
1.1
4.46
2.04
2.02
1
21.04
5.02
8.72